num_particles: 500

room_min_x: 0.0
room_max_x: 5.0
room_min_y: 0.0
room_max_y: 4.0

tag_size_m: 0.2
tag_family: tag36h11

tag_x: [1.0, 3.5, 0.5, 4.0, 5.0, 5.0, 0.0, 0.0]
tag_y: [4.0, 4.0, 0.0, 0.0, 1.5, 3.0, 0.8, 3.2]
tag_yaw: [-1.5707963267948966, -1.5707963267948966, 1.5707963267948966, 1.5707963267948966, 3.141592653589793, 3.141592653589793, 0.0, 0.0]

odom_noise_trans: 0.05
odom_noise_rot: 0.05
sensor_noise_range: 0.25
sensor_noise_bearing: 0.12

min_resample_neff_ratio: 0.5
min_odom_travel_before_updates_m: 0.15

seed_particles_from_odom: false
init_std_x: 0.35
init_std_y: 0.35
init_std_yaw: 0.4

camera_yaw_offset: 0.0

publish_rate_hz: 10.0
map_frame: "odom"
path_max_poses: 0

camera_image_width: 640
camera_image_height: 480
camera_horizontal_fov: 1.04

camera_image_topic: ""
pose_topic: ""
